va:122.12096475912142
na:1343.0
vb:323.1111189506433
nb:1207.0
T:31.0
t:78.0
