va:124.50218116844334
na:1407.0
vb:318.73511423420825
nb:1228.0
T:31.0
t:141.0
