va:132.6040201602959
na:811.0
vb:330.66295394901147
nb:1112.0
T:0.0
t:60.0
