va:132.74243931924923
na:852.0
vb:331.3747971443213
nb:1160.0
T:31.0
t:100.0
