va:127.4336030219781
na:910.0
vb:323.1111189506433
nb:1207.0
T:31.0
t:100.0
